   3.81469727E-05  0.657688379    
   2.29325056       2.66383529    
  0.235222578       3.39432240    
   4.67346430       1.91751003    
   4.15482616      0.172859430    
   2.64850020       3.35574627    
   1.91707730      0.334210396    
   3.43386292       2.94488311    
   4.23083401       2.63464332    
   3.26959372       2.07999587    
   4.55160379       3.81098986    
  0.237321854       3.68040919    
   3.16319227       3.78205180    
   1.82669282       1.23519421    
   3.61330152       3.76677871    
  0.363428593       3.15817356    
   1.36354923       2.18205690    
   2.38865852       1.18887186    
   1.79632425      0.832535028    
   4.48828125       4.54604053    
   4.52326536       2.52261400    
   1.59516454       4.93320942    
   1.33072138      0.453664064    
  0.368745327       2.50353456    
   1.38540864       4.56908703    
   2.32222795       4.70489883    
   3.80757093       3.85102272    
  0.626826286       7.93373585E-02
   4.34123516       3.14771652    
   3.62705946       4.99728918    
   1.16597414       1.53160810    
   2.56636739       2.95556784    
   2.06040382       4.20755291    
   2.07697272       2.68651962    
   1.43606067      0.891637802    
   2.85827398       4.01202774    
   2.67224908       2.49240041    
   3.74146223       2.77291894    
   3.12424541       4.21019793    
   1.06375694       3.57354879    
  0.454951525       1.37294054    
   2.07146525      0.134381056    
   4.68948603       1.19955301    
   1.58769727       4.43495274    
  0.751674175       3.40673089    
   1.93862557       2.49870420    
   2.93593287       4.22787762    
   4.77704430       2.78072953    
   4.91652489       2.04383254    
   2.82449245       1.26063108    
   2.32015252       4.80547523    
  0.998785496       1.59624815    
  0.633560419       3.25626850    
   4.01536465       1.23920798    
   1.94656968       1.01625085    
   4.50836658       2.13248610    
   4.73743343       2.05156446    
   4.42824125      0.460867882    
  0.355317593       1.82669401    
  0.675545931       3.91576529    
   1.74762011       2.26150036    
   4.65837097       3.25822949    
   3.39796066       4.54460859    
   4.30429840       2.35631108    
   3.00196767       4.08780670    
   2.31122375       4.75683689    
   2.19665051       4.12348652    
   3.51103306       4.93572712    
   4.25634766       1.44658089    
   2.57217288      0.517169237    
   2.88358212       4.38282871    
   3.64873767       4.34631824    
   4.00360107       3.53267670    
   9.54616070E-02   4.43015480    
   2.31661320      0.325968266    
   2.44471550       3.33839417    
  0.997773409       4.58316898    
   4.45009232       2.71974087    
   2.25173712       4.94681263    
   2.23011613       1.57866120    
   4.40752029       2.19862700    
   4.03324842       1.82578921    
   4.99558210      0.768021345    
   3.08175087       2.97427177E-03
   3.86675954       3.63667488    
   2.08861828       3.41247082    
   1.02630854       4.18209934    
   4.14353943      0.472743511    
   3.82002354       3.14785838    
   1.06773376      0.405303240    
   4.76079845       4.73772526    
   1.34607315       3.46084476    
   3.88432860       3.91932487    
   1.41077876      0.969836712    
  0.959118605       4.91617775    
   4.09862995      0.682274103    
   3.00505042      0.884401798    
  0.788655281       4.93968487    
   1.16799593      0.508186817    
   3.17358613       3.48003626    
   3.48121405       3.76470089    
   3.16714883      0.282202959    
   1.13503814       1.59388900    
  0.587184429       3.81285310    
   2.76955605       2.93994427    
   3.51494670      0.715225935    
   2.42662549       4.30112839    
   2.78417826       3.69498253    
  0.676660538       2.64274120    
   2.94059515       2.59041786    
   1.29421353       1.85113072    
   2.23432899       2.37948060    
   1.39646411      0.391315222    
   1.26961112       3.35891962    
   2.56968141       3.64304066    
   4.72376347       2.30348587    
   1.60779953       2.30216980    
   3.30677748       2.00916409    
   4.93251324      0.751968622    
   1.71908736       2.70855069    
   4.14619350       7.47525692E-02
   3.21489334       2.73068190    
   1.33306623       4.85043287    
   4.21987629       3.47011805    
   4.08550644      0.110417604    
   3.53474975       3.53913069    
   2.91210532       3.75854969    
   3.47839475       1.39755845    
  0.855894089       2.12693214E-02
  0.399583578      0.815404654    
   3.91495943       3.73339534    
   3.17072868E-02   2.92393565    
  0.334248543       2.72011280    
   1.07912898       1.92884684    
   3.29526663       3.54659915    
   1.40144348       4.07966042    
   3.43050718       1.55084372    
  0.518985987       2.60479927    
   1.10342503      0.276393890    
  0.801368952       3.61881852    
  0.253012180       2.38902092    
   2.59994149       2.23244786    
   1.42971158       4.16841030    
   2.88887978       3.40582132    
  0.287375450       4.93441486    
   8.28623772E-03   4.28096294    
   1.88775182       2.44825840    
   3.69479299       3.39666009    
  0.177937746      0.612534285    
  0.941377878       1.75659299    
   3.03805709      0.629663467    
   4.77014160       1.78462386    
   4.87126112       1.29507065    
   2.12167859       4.06523943    
   1.22292995       3.80308628    
   2.25925565       1.31810069    
  0.582854748       1.04781151    
   2.73487329       3.03959846E-02
   2.99679637       2.15954065    
   3.43707204       1.87654972    
  0.618185997       4.86672974    
  0.401765108       2.47122288    
   4.67015171       1.25077605    
   3.84557009       2.49977589    
   3.35951686       3.40832829    
  0.181837082       1.15285873    
   2.81301022       3.26310873    
   1.85732841       1.12400532    
   3.26505780      0.829637051    
  0.798788071      0.238192081    
  0.624723434       4.74578476    
   3.10522795       4.57012415    
   2.96772718       3.60935807    
  0.268471241       2.20816255    
   3.85972023      0.326781273    
   4.88590002       2.33870625    
   2.22964883       3.71636868    
  0.856896639       1.86259866    
   4.82425594       1.27478719    
  0.619243383       2.63168812    
   2.58853555      0.525923967    
   1.84280992       2.11945176    
   3.56773257       2.88387895    
   3.79122853       4.18298817    
   1.94530010       4.67620754    
   1.81041718       2.69752264    
   2.00846076       1.20220184    
   2.10789323       2.36189961    
  0.524845123       1.08193040    
   2.63719440       3.34410071    
   1.21875048       3.55782151    
   1.91410661      0.405026674    
   1.16433382       3.97676229    
   1.61433220E-02   1.33059502    
   2.12595463      0.934122801    
  0.670194626       3.97927761    
  0.855776072       3.03000569    
   1.73745751       1.46233916    
   4.12918186       4.17169189    
   1.64717078       4.01042080    
  0.226702690      0.207101107    
   3.83532405      0.308656693    
   4.64574814       1.10257745    
  0.444962978       3.49845409    
   2.47315407       1.30889177    
   1.89182997       1.00322247    
   2.18048096       2.34749198    
   4.88619089       2.22259521    
   2.61885762      0.158193111    
   2.95794010       4.11445522    
   1.16039038       2.68264055    
   2.01790452       4.93662357    
   4.25265217       4.33757067    
  0.741951466       4.98799229    
   2.34037280       4.65957260    
   4.07703304       2.70767212    
  0.796079636       4.72625017    
  0.777069330      0.205373764    
  0.550096035      0.482690334    
  0.112024546       2.80741811    
   2.58453965       3.37262273    
   3.49230051      0.113997459    
   3.35495472       1.72935843    
  0.703551769       4.60558653    
   1.90057278       2.93007851    
  0.131697655       3.45563173    
   3.56847644      0.386620760    
   4.62751484       4.64848900    
   2.52984762       4.15627956    
   3.00818801       3.61918211    
   2.45408416      0.807096958    
   2.87180066       1.36625528    
   3.49279046       3.33524585    
   2.74368048       3.05368781    
   2.47562647       2.85791278    
   2.20656514      0.756083727    
   3.65681887      0.158282518    
   2.61031628       1.60321116    
   1.22571111      0.535901785    
   2.75914669       2.98584223    
   4.67625713       3.86015058    
   2.43340492       3.25063825    
   2.03768849       2.43424654    
   3.55224967       2.67099261    
   3.02769065       1.40051842    
   2.65244722       4.69126940    
   2.06747055       2.98738003    
   4.60126162       3.40745449    
   2.63706446       1.15134835    
   4.49760532       1.25710964    
   2.40778923E-02   4.67967892    
   4.29382896       1.39464259    
   2.53409863      0.614748001    
   3.51235628       2.18245506    
   3.83087397      0.499327183    
   1.72288179       1.48532033    
   1.69254780       1.65379167    
   2.86591411       2.42642999    
  0.572372675       4.87173939    
   2.45920300       1.83697343    
  0.811018944      0.797898769    
  0.746256113       2.34050632    
   4.41852188       2.12066650    
   3.25647235       1.54163718    
   4.07208204       4.48828316    
   4.50608969       3.85023117    
   2.86220908      0.157017708    
   2.61107206       4.30810833    
   4.34746981       2.93430924    
   4.05947685       2.62835026    
   2.10018992       2.89931178    
   4.40392017       1.69042349    
   3.71562958       3.59459639    
  0.364344120       3.55056763    
   1.79689646      0.449265242    
   2.08398104      0.482141972    
   2.81305790       4.06523323    
   3.84680033       3.17602634    
   4.39206362       2.43235350    
   1.88742161       1.91309690    
  0.608696938      0.384107828    
   2.38820314       3.54293942    
   1.95483208       4.87940311    
   3.40599298       4.54345226    
   4.29606438       3.97138953    
  0.367554426       2.49315262    
   2.25367308       2.49828577    
   4.66421700       1.50060773    
  0.550091267      0.401610136    
   2.04088688       1.19205117    
   4.16736984      0.990399122    
  0.981537104       1.69559479    
   2.20134020       2.92837262    
   1.84101224       1.91158414    
   2.14736342      0.743936300    
   4.97700214       3.49033117    
   4.24639130       4.09763575    
   1.87124610       4.80389595E-02
   3.19528937       3.23247552    
   3.99517298       1.88681960    
