   1.50925352E-03   2.99620125E-02
   5.68511663E-03   2.94563994E-02
  -1.25241112E-02   2.72607151E-02
  -2.97375005E-02   3.95992771E-03
   2.83127446E-02   9.91909578E-03
   2.99646910E-02   1.45509571E-03
  -2.61808410E-02   1.46479886E-02
   2.74113081E-02   1.21909874E-02
   2.50992943E-02   1.64324492E-02
  -8.65490083E-03   2.87244264E-02
  -2.50185700E-03   2.98954956E-02
  -1.43333580E-02   2.63544079E-02
   2.99800243E-02   1.09459879E-03
   2.98786070E-02   2.69607082E-03
  -1.70813426E-02   2.46622730E-02
   2.28149816E-02   1.94801595E-02
   3.56064178E-03   2.97879484E-02
  -4.83849784E-03   2.96072438E-02
  -2.99156979E-02   2.24744924E-03
   2.78404467E-02   1.11762919E-02
  -2.98097171E-02   3.37353838E-03
  -2.99882665E-02   8.38955923E-04
   2.85768304E-02   9.13042855E-03
  -2.25487240E-02   1.97877493E-02
  -2.94167940E-02   5.88661572E-03
   2.85174903E-02   9.31411609E-03
   1.45272193E-02   2.62480453E-02
  -1.09303556E-02   2.79379189E-02
  -2.15308368E-03   2.99226362E-02
   2.32827421E-02   1.89186130E-02
  -1.79571379E-02   2.40320861E-02
   1.74307376E-02   2.44165808E-02
  -3.79260094E-03   2.97593046E-02
  -2.94474494E-02   5.73129021E-03
   1.69855841E-02   2.47283224E-02
   2.93512475E-02   6.20517926E-03
   2.89810952E-02   7.75216706E-03
   2.35387664E-02   1.85990985E-02
   1.60308667E-02   2.53576674E-02
   2.04203930E-02   2.19774321E-02
   2.99946368E-02   5.67249488E-04
  -7.08052423E-03   2.91524641E-02
   1.25218499E-02   2.72617545E-02
  -1.69972535E-02   2.47203019E-02
  -2.27560997E-02   1.95489097E-02
   1.79367680E-02   2.40472928E-02
  -2.51272153E-02   1.63897239E-02
   1.78428888E-02   2.41170339E-02
   1.87909305E-02   2.33859122E-02
  -2.99416184E-02   1.87068025E-03
   2.10215040E-02   2.14031860E-02
  -2.03609727E-02   2.20324937E-02
  -2.13973187E-02   2.10274756E-02
  -2.97124889E-02   4.14342852E-03
   2.95214467E-02   5.33705438E-03
   1.87612548E-02   2.34097261E-02
   2.03147028E-02   2.20751632E-02
   1.56404208E-02   2.56003365E-02
  -7.28027953E-04   2.99911648E-02
  -2.88994219E-02   8.05129576E-03
   1.13094840E-02   2.77866088E-02
   6.37247181E-03   2.93153822E-02
  -1.73703767E-04   2.99994964E-02
  -2.99661048E-02   1.42567640E-03
   1.55424152E-03   2.99597122E-02
  -1.98743250E-02   2.24724542E-02
  -1.08377216E-02   2.79739834E-02
   2.89343651E-02   7.92480353E-03
  -2.90975627E-02   7.30286492E-03
  -2.58554220E-02   1.52150309E-02
  -2.79920064E-02   1.07910875E-02
  -6.00606622E-03   2.93926392E-02
  -1.11629895E-03   2.99792234E-02
  -2.95801461E-02   5.00149140E-03
  -6.41674967E-03   2.93057207E-02
  -1.20492466E-02   2.74739079E-02
   2.03486029E-02   2.20439192E-02
   1.91752445E-02   2.30718441E-02
   6.32007979E-03   2.93267202E-02
  -2.98428480E-02   3.06666549E-03
  -2.94334367E-02   5.80282556E-03
   7.05979904E-03   2.91574895E-02
  -2.01910790E-02   2.21882910E-02
   2.99995393E-02   1.66278798E-04
  -1.28063392E-02   2.71292776E-02
  -1.23062572E-02   2.73597520E-02
  -7.24562304E-03   2.91118696E-02
   2.61057261E-02   1.47814434E-02
   6.63020462E-03   2.92581674E-02
  -2.31226776E-02   1.91139150E-02
  -2.32463386E-02   1.89633258E-02
  -6.53307978E-03   2.92800087E-02
  -2.66271140E-02   1.38201592E-02
   2.99237166E-02   2.13802815E-03
   9.74184542E-04   2.99841780E-02
  -2.42050625E-02   1.77232865E-02
   1.46160508E-02   2.61986852E-02
  -1.50489691E-03   2.99622305E-02
   5.60129574E-03   2.94724535E-02
   8.78506899E-03   2.86848843E-02
  -1.41790155E-02   2.64377668E-02
  -2.42571402E-02   1.76519435E-02
  -8.90011247E-03   2.86493972E-02
  -2.95435824E-02   5.21313259E-03
  -1.45706786E-02   2.62239464E-02
   1.57227833E-02   2.55498346E-02
   1.20620178E-02   2.74683032E-02
  -1.22616999E-02   2.73797493E-02
  -1.13459025E-02   2.77717561E-02
  -2.73202583E-02   1.23936879E-02
  -2.36198846E-02   1.84959732E-02
  -2.30027325E-02   1.92580968E-02
  -2.06623171E-02   2.17501409E-02
  -1.30474400E-02   2.70141494E-02
  -5.05350484E-03   2.95713041E-02
   2.81067453E-02   1.04886061E-02
  -2.97911391E-02   3.53384297E-03
  -2.34049689E-02   1.87671892E-02
  -1.40826581E-02   2.64892187E-02
  -2.96460651E-02   4.59465059E-03
  -4.70835250E-03   2.96282209E-02
   2.63587311E-02   1.43254064E-02
   4.67774866E-04   2.99963523E-02
  -2.89218500E-02   7.97035545E-03
   1.58737116E-02   2.54563410E-02
  -2.77543273E-02   1.13884732E-02
   2.99832970E-02   1.00093475E-03
   1.18006801E-03   2.99767815E-02
  -2.99955830E-02   5.14743908E-04
   2.49363519E-02   1.66786779E-02
  -2.77390219E-02   1.14257000E-02
  -2.97603905E-02   3.78406444E-03
  -2.32317373E-02   1.89812109E-02
  -2.06929948E-02   2.17209570E-02
  -2.90398002E-02   7.52927689E-03
  -2.09575556E-02   2.14658063E-02
   2.99479421E-02   1.76656316E-03
   5.31556224E-03   2.95253247E-02
   2.70754211E-02   1.29198134E-02
  -8.90539680E-03   2.86477562E-02
  -2.89915558E-02   7.71295559E-03
   1.75128840E-02   2.43577268E-02
  -9.65484045E-03   2.84039434E-02
  -1.48193566E-02   2.60842219E-02
  -2.88546793E-02   8.21020361E-03
   2.94879116E-02   5.51933330E-03
  -2.64681373E-02   1.41222402E-02
  -2.91501340E-02   7.09010940E-03
   2.96722762E-02   4.42221994E-03
  -2.23681647E-02   1.99916288E-02
  -2.82505024E-02   1.00950040E-02
   1.61970332E-02   2.52518523E-02
  -4.38827235E-04   2.99967900E-02
   2.43557673E-02   1.75156090E-02
  -9.79451090E-03   2.83560846E-02
  -1.48438662E-02   2.60702819E-02
   2.26229113E-02   1.97028909E-02
   1.33614074E-02   2.68602446E-02
   2.60337833E-02   1.49077857E-02
   1.58942342E-02   2.54435316E-02
   2.94781271E-02   5.57135465E-03
   4.11249045E-03   2.97167860E-02
  -1.92390308E-02   2.30186805E-02
   3.08441784E-04   2.99984142E-02
   1.72921631E-03   2.99501214E-02
   5.18148299E-03   2.95491498E-02
  -2.20523234E-02   2.03394927E-02
   2.92920670E-03   2.98566520E-02
  -6.64846913E-04   2.99926326E-02
  -1.54169239E-02   2.57355478E-02
  -2.98793502E-02   2.68783257E-03
   2.98083071E-02   3.38597316E-03
  -2.99980007E-02   3.46361077E-04
  -2.97434926E-02   3.91466776E-03
  -2.81749591E-02   1.03039630E-02
  -1.44696841E-02   2.62798052E-02
   8.18952452E-03   2.88605560E-02
   2.80777160E-02   1.05660697E-02
   2.70997789E-02   1.28686428E-02
   1.59803815E-02   2.53895130E-02
   1.67460907E-02   2.48911306E-02
  -1.41658131E-02   2.64448430E-02
   2.11677346E-02   2.12585740E-02
  -8.90795328E-03   2.86469609E-02
  -2.34093666E-02   1.87617037E-02
  -2.88874619E-02   8.09410401E-03
   2.59791911E-02   1.50027210E-02
  -7.58634647E-03   2.90249437E-02
   1.00860866E-02   2.82536875E-02
   2.00353544E-02   2.23290082E-02
  -2.72978819E-03   2.98755467E-02
  -2.91140992E-02   7.23665673E-03
  -2.99702100E-02   1.33660377E-03
  -1.49775054E-02   2.59937365E-02
   2.93395370E-02   6.26031682E-03
   2.84761842E-02   9.43964534E-03
   2.76064742E-02   1.17423395E-02
  -2.99246795E-02   2.12450908E-03
  -3.99266277E-03   2.97331233E-02
  -2.00121067E-02   2.23498456E-02
   1.70486271E-02   2.46849004E-02
  -2.97403187E-02   3.93871125E-03
   8.33098870E-03   2.88200378E-02
  -7.69601204E-03   2.89960578E-02
  -6.75823633E-03   2.92288605E-02
   3.13311047E-03   2.98359450E-02
   1.96873788E-02   2.26364117E-02
   2.93039102E-02   6.42501470E-03
   1.04986725E-03   2.99816243E-02
  -1.45561714E-02   2.62320004E-02
  -2.73023099E-02   1.24331750E-02
   2.94681638E-02   5.62381605E-03
  -1.14973541E-02   2.77094003E-02
  -1.88954044E-02   2.33015809E-02
  -1.05211157E-02   2.80945916E-02
  -2.67618243E-02   1.35574620E-02
   1.34427138E-02   2.68196464E-02
  -1.68167651E-02   2.48434376E-02
  -2.97533106E-02   3.83933703E-03
   1.90650299E-02   2.31630020E-02
  -1.97379454E-03   2.99349986E-02
   1.05875330E-02   2.80696303E-02
   2.74190381E-02   1.21735921E-02
   5.18352678E-03   2.95487903E-02
   1.48072103E-02   2.60911193E-02
   2.78015272E-03   2.98709013E-02
  -2.51580849E-02   1.63423009E-02
  -2.72887871E-02   1.24628283E-02
   2.64830738E-02   1.40942112E-02
  -2.97394898E-02   3.94496508E-03
   2.97447145E-02   3.90537083E-03
  -2.93528158E-02   6.19775476E-03
   2.45181788E-02   1.72875356E-02
  -1.44374948E-02   2.62975041E-02
  -2.52525546E-02   1.61959399E-02
  -2.99911164E-02   7.30033789E-04
   2.84261722E-02   9.58919898E-03
   2.92704534E-02   6.57575484E-03
  -2.24017389E-02   1.99539978E-02
  -2.27440298E-02   1.95629522E-02
  -2.98707038E-02   2.78227194E-03
  -9.41126514E-03   2.84855757E-02
  -2.97933780E-02   3.51491594E-03
  -5.16295992E-03   2.95523908E-02
  -8.25960003E-03   2.88405791E-02
   2.60702125E-03   2.98865084E-02
   6.63520768E-03   2.92570330E-02
   1.34162605E-02   2.68328898E-02
   1.85148120E-02   2.36051194E-02
  -1.70819294E-02   2.46618669E-02
  -4.92177019E-03   2.95935161E-02
   2.88329925E-02   8.28604214E-03
  -2.60869972E-02   1.48144709E-02
   2.33442057E-02   1.88427195E-02
  -2.80746035E-02   1.05743380E-02
   1.88982720E-03   2.99404170E-02
   2.81760786E-02   1.03009036E-02
   8.70831963E-03   2.87082773E-02
   2.01710537E-02   2.22064983E-02
   1.05997138E-02   2.80650333E-02
   2.80361418E-02   1.06758950E-02
  -2.21024044E-02   2.02850606E-02
  -2.56830361E-02   1.55042456E-02
   2.78700776E-02   1.11021949E-02
   2.65057702E-02   1.40514812E-02
   1.42307971E-02   2.64099296E-02
   1.03082145E-02   2.81734038E-02
  -5.26560750E-03   2.95342747E-02
  -2.31646467E-02   1.90630294E-02
   2.80874241E-02   1.05402367E-02
   2.88301206E-04   2.99986135E-02
   1.10171270E-02   2.79038157E-02
   2.21202821E-02   2.02655643E-02
   2.21072715E-02   2.02797577E-02
   1.58286989E-02   2.54843533E-02
  -1.33097656E-02   2.68858708E-02
   2.19959766E-02   2.04004161E-02
   2.42013577E-02   1.77283455E-02
   2.26978920E-02   1.96164642E-02
  -1.10846944E-02   2.78770439E-02
   1.85716227E-02   2.35604495E-02
   2.11376837E-03   2.99254395E-02
  -2.04306692E-02   2.19678804E-02
  -1.96340214E-02   2.26827078E-02
  -2.71638930E-02   1.27327489E-02
  -2.98740808E-02   2.74577667E-03
  -1.29712617E-03   2.99719442E-02
   1.81388631E-02   2.38952227E-02
   2.96473056E-02   4.58663702E-03
   2.93270312E-02   6.31864043E-03
   2.05510501E-02   2.18553040E-02
  -2.65119635E-02   1.40397921E-02
  -2.74765547E-02   1.20432116E-02
  -2.40422059E-02   1.79435872E-02
  -1.40662603E-02   2.64979303E-02
  -2.47082897E-02   1.70147121E-02
   8.53385497E-03   2.87606213E-02
  -2.97932830E-02   3.51571897E-03
  -1.80953518E-02   2.39281897E-02
  -1.89493783E-02   2.32577100E-02
