   4.76271868    
   1.38013947    
   4.28172922    
   3.27397680    
  0.336977988    
   4.85222824E-02
   2.63149071    
   5.86471176    
  0.579670548    
   4.41973257    
   1.65428853    
   2.06892061    
   6.24669075    
   6.19319439    
   4.10663986    
   5.57647085    
   4.83135748    
   1.73278713    
   3.06660748    
  0.381747812    
   3.25428247    
   3.11362529    
   5.97393179    
   2.42131734    
   3.33909440    
  0.315687895    
   5.21788406    
   4.33945942    
   4.64055777    
   5.60083294    
   2.21251273    
   5.33237600    
   1.69755554    
   2.94936824    
  0.968924820    
  0.208343148    
   6.02181387    
   5.61448097    
   1.00704324    
  0.822106183    
   1.89066790E-02
   4.47412348    
   1.14021957    
   4.11004543    
   2.43186092    
  0.929927289    
   3.71956182    
  0.933825552    
  0.893915772    
   3.07919621    
  0.794394612    
   3.96639919    
   3.91827345    
   3.00303602    
  0.178853780    
  0.895184100    
  0.826904595    
   1.02236724    
   1.59506631    
   2.86988544    
   5.09892559    
   1.35674989    
   1.57658648    
   3.18913198    
   4.76422024    
   3.98826766    
   4.34277296    
   6.01585245    
   3.38749194    
   2.60969734    
   2.77364326    
   4.51082468    
   4.67517042    
   3.30909109    
   4.49683189    
   4.29908037    
   5.45781755    
  0.877371490    
   1.35853672    
   3.24399304    
   2.94693828    
   1.33324170    
   3.97408295    
   5.53930691E-03
   2.01183391    
   4.28970623    
   4.46845627    
  0.515206635    
   1.34794962    
   2.45082307    
   2.45731831    
   1.79032469    
   2.66284060    
   7.13272169E-02
   1.53831780    
   2.50957203    
   5.22127151    
   1.62098062    
   1.38298428    
   5.00958014    
   4.22011185    
   3.77066898    
   4.41118479    
   3.31625032    
   2.07794785    
   1.01914680    
   5.12616253    
   1.99185109    
   1.95864391    
   2.71571207    
   2.47726178    
   2.44457150    
   2.33055139    
   4.26244545    
   4.54313183    
   5.92601967    
   3.25966120    
   3.81745839    
   4.22375298    
   3.29535246    
   1.72839296    
   5.78536272    
   1.55520320    
   2.87268496    
   1.01322877    
   2.75221181    
   6.24981356    
   4.75173473    
   3.12443209    
   5.69367266    
   2.75086999    
   3.26806474    
   2.45654869    
   3.95122242    
   3.39528084    
   2.34421468    
   5.89186288E-02
   4.89051485    
  0.445224404    
   1.87218499    
   2.88157415    
  0.947440863    
   4.38472939    
   2.08745599    
   3.41880274    
  0.185031787    
   3.63172340    
   3.38018680    
   6.13523912    
   3.87094593    
   3.48479056    
   5.28270864    
   1.58542442    
   5.65971804    
   4.37980795    
   4.19478941    
  0.716518164    
   1.10919738    
  0.520053148    
   5.27076292    
  0.186796069    
   4.84990501    
   2.26698899    
   4.72267056    
   4.77006149    
   1.39720976    
   3.88660812    
   1.47300029    
   4.69022560    
   4.17266703    
   3.05187845    
  0.113106452    
   3.13004637    
   3.27245450    
   2.79098845    
   2.07410073    
   1.29430270    
   5.92326212    
  0.443335384    
   1.00903296    
   5.30460739    
   2.06257415    
   5.49564600    
   4.41091108    
   3.81722403    
   2.86840367    
  0.523703456    
   1.82645035    
   5.05527115    
   5.44369888    
   1.66191530    
   2.89796805    
   3.09702539    
   4.18965578    
   6.07296324    
   5.96309233    
  0.402164787    
   3.21246886    
   4.57890415    
   3.98211980    
  0.966373086    
   3.27326298    
   1.28939760    
   4.45295477    
   4.48516417    
   1.46616852    
   5.42822170    
  0.215839103    
   4.74739170    
   2.07739472    
   2.71426630    
   6.09460926    
   1.96410346    
   4.03103304    
   4.35406637    
   3.61050391    
   5.17701721    
   2.16585684    
   3.26992226    
   5.40104628    
   4.64654827    
   1.21010864    
  0.417838961    
   1.39714062    
   1.05460227    
   4.80519390    
   3.71767569    
   2.71317983    
   5.79411316    
   3.27347326    
   6.15263557    
   3.34968305    
  0.614134192    
   4.21030903    
   3.71186900    
   3.16592860    
  0.325349361    
  0.220986173    
   2.41392040    
   3.85194159    
   3.23446822    
   4.39329243    
   3.02415943    
   1.74375606    
   4.43346643    
   1.48378587    
   4.93540668    
   5.17603111    
  0.905667603    
   4.10661602    
   1.73560035    
   6.00334597    
   2.62512040    
  0.679097056    
   2.78137517    
   4.77542496    
  0.350495636    
   1.27627969    
   5.44979286    
   5.07351065    
  0.363837481    
   2.39904284    
   2.59847426    
  0.379087865    
   5.79572582    
   1.07655954    
   5.06314421    
   1.74723053    
   2.45302176    
   5.92418194    
   4.72199917    
   1.19475901    
   5.54151726    
   5.54087543    
   1.01499605    
   4.25271177    
   5.53540373    
   5.65095568    
  0.712704122    
   4.33392906    
  0.903258622    
   1.50027895    
   3.96323109    
   2.28427434    
   2.70326591    
   3.04993844    
   4.66913795    
  0.921496570    
   6.12969542    
   6.07097483    
  0.816144586    
   3.62861109    
   2.72850370    
   3.78274536    
   4.22437191    
   2.53854275    
   5.00083399    
   3.02413225    
   4.06490898    
   2.25447083    
